365435296162
14439042678085716960949814193344874389229173904390155479167035660686299132233394232110487256988461740058540821749323293504381921966930093689990678578706673205517616552290959865878623899352072116206415394
135301852344706746049
4444705723234237498833973519982908519933430818636409166351397897095281987215864
1001919737325604309473206237898433933302481297
337856107814181089864066841370437948648180483483258553487263501935155470092051458
412986819712346493611195411383827409934884076105338432187865946722511205681167419748123598380002157658381536968436929608311101496272839009791376254928568258611725
3923892811677015020359893809756397635478575034984185810645229419917883032980568363855269097880889736899565213021775
1387277127804783827114186103186246392258450358171783690079918032136025225954602593712568353
359579325206583560961765665172189099052367214309267232255589801
426056956614765925644437233718383606780704477542812045558843083735294299626924853399685933864730144322247648030957959403370383904390103670040359152341584
68251391096100309964978446045087420307025606859722438323487946038808981838031799984351367205238184363410615527949660089420401
36096618631734444870289627756645195570045251115437988958483038385114250045644742420035290778121917633578810149197126219101391131945323650586492733840372035462884587894658
690168906931029935139391829792095612517948949963798093315456
1892247019390521442608211077147886839616506438992322504018876947992022613217501281456451614651
6648932669220874753121434349783799309012771842025717308770803694743584186951058443607791370873169134344289860258664889853333512214128134093831575609
474873307633420493534346548974681357645627998177729316651905410024310124235629580626280239662068064136047863762846094076838503353340220619353346929698031254198069687728
971183874599339129547649988289594072811608739584170445
32913358638779021325852241460922292241811880064424459384950843991972540608783894735358997476926373114877
11825896447871834976429068427
