7136 8452 2293 3912 163 14952 16006 370 10734 2323 14503 12631 8891 0
1728 577 538 784 485 1253 813 1451 1779 0
133 3347 4322 13307 1302 11458 5374 3594 15370 5537 2161 14991 5907 12895 930 0
1228 1421 2033 908 1997 523 1691 0
3639 15067 12044 2207 14228 12176 5554 0
857 1703 1809 1307 1576 454 0
2383 2281 3037 3389 470 1396 2135 439 3210 2033 1484 2495 2899 0
5138 7896 7913 4060 5792 2498 5142 0
3761 1193 2958 1873 3005 1071 7480 0
2680 3178 3285 4076 1217 3723 3189 3249 1110 1588 2051 2047 897 524 1899 0
