825088470 1212058191
742942365 1039850619
139590197 937795344
2116070285 1891478488
854039380 1293223012
1646452351 524269524
1511295976 751415966
129057948 1761273006
105405651 1810442774
741024504 1952114863
745850443 1288110197
1404904833 1953271916
1959710108 301945375
721695863 1436856725
534878354 1727940270
430679169 1231850888
1369364865 1548847139
1409661169 1664301510
1910650355 178613655
169444920 1017053337
1876983495 69825734
188795841 281477407
1266660686 1290987588
334684143 277833961
2082328116 485909444
1893491593 73304553
186115400 1422722807
1384324188 1702774584
1739080721 621725394
