-1647743 -7618590 -5607565
-7583083 6365354 -8254618
-1673736 -1060637 -2853557
8976769 -1132234 8093572
8030317 -4251243 9974482
-4035744 5979 -6835515
-4846627 -878460 -9256204
-4278116 -2041253 -1535251
8585387 2774806 -3978920
-6340051 -4947879 -2171915
-6122748 3404377 209495
-1730314 5821294 -3425151
15068 -5852441 5514212
7161511 -6875672 -5618022
5255083 -8845354 130734
5229566 -2881098 -9863286
8394050 2272274 -741747
9137846 7994157 7217000
-2397405 6579544 -8193
3623675 -9760506 5043928
